812519
567458
493397
547857
758318
699311
192137
531719
654373
224658
729356
944685
124621
884714
425999
364419
778876
298334
669249
868191
955416
243492
254777
297762
168518
572279
673312
357598
363417
816647
742389
996299
827954
913536
481925
不需要
389836
651814
774363
286151
553569
468386
853389
839142
496927
624213
725855
119625
536789
715136
742587
964192
358185
234294
417861
198267
633982
994814
261272
382837
543448
412725
119919
759689
453157
529878
331135
838616
555629
195113
893136
874978
971328
674553
257975
435662
192124
265114
318363
978553
244918
137685
571153
384526
734956
893564
587682
743549
445781
926782
146195
132459
523236
138147
238553
931327
521477
215487
254887
不需要
不需要
132554
111445
177965
258774
622666
827888
564115
114569
739136
不需要
741557
365558
784447
587996
215447/225415
675293
154447
laoquzhang.com
215666
358774
215666
514487
563999
258777
549862
569666
526666
958774
547666
579666
524477
214777
214777
541000
589666
514777
141221
215477
118745
258666
214555
258777
232000
859777
248777
659888
326000
257444
548777
253222
625888
792584
215477
254889
258777
214777
253333
268999
256999
125556
120111
258777
526335
250000
218777
215888
215888
256664
526333
251444
325666
158774
285666
526333
148854
326555
320333
215555
562225
250333
523002
523333
203666
253222
215333
256388
132225
521666
254887
256221
163254
252000
215220
126521
254112
563333
255441
745558
363333
854775
215447
254662
215333
215448
148774
121222
215444
132256
215447
521444
587996
158774
115885
114456
158877
148556
320112
226482
152223
258446
235441
152223
569888
563999
357889
114778
521444
265887
352003
263555
320154
302333
215330
215477
201952
514633
203333
215447
851225
302111
215887
215877
152558
667996
214533
215447
748558
124555
365221
215444
187996
132228
521447
254778
129889
256444
587444
254888
158774
158774
124441
141223
352666
258888
326555
365554
254889
254887
159699
698777
365220
132587
586447
328885
586225
215666
258966
228777
789654
541222
256665
258888
296336
356987
233330
259666
653147
854444
215444
117774
258996
117566
325444
587441
214777
124778
258888
215666
215444
554158
112221
125558
215444
611547
258888
201111
115215
256332
215444
258744
258999
185996
311196
254887
632311
326665
326666
256448
251447
256333
258888
258889
365999
562221
589666
326669
124697
365147
214447
263335
598889
125444
598889
326330
114323
811566
230001
258999
198554
174778
254114
215555
211463
356664
254887
"215558

激活码"
194222
203332
256887
165998
548771
233332
114875
257125
548717
301778
659999
236665
613365
256666
148744
596668
886718
233330
612323
210002
313221
236665
822332
251114
145554
230001
231554
263335
230114
745819
852119
745252
365558
613558
852119
851777
256666
256447
326555
654356
326665
415447
325554
548877
115496
631547
256332
352665
632547
657889
254778
254447
236665
587744
256664
254447
651749
221445
326558
632221
965374
369583
874996
256664
566333
254447
321566
230001
659998
835544
587441
526669
256666
365559
325666
325554
352226
258774
356666
326558
658887
365888
365558
366665
365558
366665
356448
566665
256664
366655
526669
635558
659998
659996
365555
366665
587445
632225
236665
521114
320001
254887
325001
202115
302221
326556
302222
635221
320001
365269
263335
302221
522155
326665
521444
326554
326665
365558
254447
326558
365221
254669
326669
302221
521487
357487
254887
258996
632558
365522
352221
236669
325554
258941
324665
326665
326556
251111
326665
326665
365222
254887
652221
659887
302000
838829
548887
325552
883283
320021
326333
258774
320001
326665
320022
215412
254663
215554/215412
635558
256669
365221
030002
365554
032665
658774
365447
365221
200111
256664
693333
236554
326665
658887
587963
365221
548889
254865
332636
644995/254877
379511
674889
587774
632333
247142
258774
254887
154447
215485
369999/452114
521447
852147
514789
231554
254111
326666
365558
578896
189764
JDGAME
588774
不需要
不需要
874995
524998
548889
625412
523336
569998
365998
457863
365222
356445
852322
854796
521447
521548
781712
587441
145225
254115
258887
965554
854777
254888
587458
102549/254125
365221
487777
336587
521458/859988
231558
747885
554158
不需要
326558
774874
512223
548778
258796
448274
587458
655887
853342
457869
"632669
"
657412
587466
215441
894884
258749
不需要
235554
231554
215444/965295/231554
526664
215669
578769
548777
524111
215483
952133
587459
不需要
577192
215446
不需要
325889
827169
321114
254487
362541
632265/268327
784456
251111
326665
767362
326554
326554/611255
236665
632996/769171
834666/834647/583858
365558
372651
251114
001214
779528
826737
569998
032665
635175
123998
213231
236556
699578
544487
不需要
215554
259741
958743/355242
862293
122592
636585
632225/476663
266593
557837
199838
962936
567255
363222
258777/163677
553569
516232
862234
583629
981667/231554
177422
254887
964313
537886
632666
576635
521544
141768
698599
812931
558412
215554/426388
415845
792657
513666
275963
964712
587415/951782/325494
652114
854799
215447
578912/365874
325666
258741
311283/258777
365999
658777
291597
117321
378961
837857
117321
322788/685215
322788
573151
564777
318894
215444/231554
215444
632145
585984
922661
359194
923862
213311
141281
365619
989761
154646
585355
447154
874511
632541
485951
979291
744885
254112/159356
639819/658887
572671
578887
672355
883696
"914437
"
774275
412467
www.cmdw.top
587441/391545
969723
962711
663325
www.cmdw.top
254111/577094/365223
www.cmdw.top
www.cmdw.top
624947
531671
785157
876249
564448
163737
761268
165841
515893
744168
462726
976311
www.cmdw.top
www.cmdw.top
www.cmdw.top
941634
www.cmdw.top
www.cmdw.top
www.cmdw.top
www.cmdw.top
www.cmdw.top
537238
246215/963774
321285
215447
512766
565771
561792
563326/548888
241958
www.cmdw.top
www.cmdw.top
www.cmdw.top
www.cmdw.top
www.cmdw.top
www.cmdw.top
www.cmdw.top
525316
www.cmdw.top
951447
www.cmdw.top
682112
www.cmdw.top
www.cmdw.top
731746
414144
444284
953824
785494
479571
293863
www.cmdw.top
www.cmdw.top
www.cmdw.top
www.cmdw.top
www.cmdw.top
www.cmdw.top
www.cmdw.top
www.cmdw.top
www.cmdw.top
www.cmdw.top
www.cmdw.top
www.cmdw.top
179285
973156
833335
469761
251737
463393
387253
945617
487127
115367
262417
951595
814836
819111
285873
114692
547785
427195
616758
275247
559277
785593/965447
254888
138681
698554
113864
884652
918247
669985/587444
266544/613435
145492
323224
299475
292895
925337
964259
865264
www.cmdw.top
744188
856669
998436
154778
988292
www.cmdw.top
758472
828839
948831
334274
491259
326554
134577
262479
293679
184227
455939
286797
947727
862468
474572
www.cmdw.top
www.cmdw.top
www.cmdw.top
www.cmdw.top
453854
846812
www.cmdw.top
362345
www.cmdw.top
859793
647889
www.cmdw.top
938151
653177
422863
516371
516371
无
www.cmdw.top
www.cmdw.top
918331
779149
833658
386754
165344
411653
176928
618621
188874
826236
326554
258368
938848
849846
721742
531489
385543
664771
132555
673596
372736
255444
983657
481456
912716
154873
597227
622315
473933
183172
798681
466235
911545
314185
315535
868245
391867
965929
298454
476515
546838
281861
262194
335741
583178
475871
162175
922889
389182
756723
362215
296516
864268
138364
886847
971318
482171
133683
715491
687944
283298
237592
944632
955343
161569
153686
288855
881244
254123
762773
167856
228417
284368
192617
281362
556446
684412
466328
254884
494369
152982
298469
788162
823349
824425
611175
474335
579532
521487
884221
478332
541749
792377
667292
269625
968439
815887
492532
191112
233627
186719
216285
367121
788115
325889
513431
157342
841356
835685
826126
996633
841757
539689
334554
813362
349959
721177
417149
464697
955267
965874
317962
611348
943959
895876
715871
973633
424172
524234
814365
488936
454284
715277
752278
961891
242443
716142
353297
868652
957577
492262
175663
195681
596385
663259
157395
521627
811968
627581
639357
499568
714352
226885
262625
252541
352827
621419
153667
598252
675374
758567
421196
729121
135782
394356
462763
254219
276471
727671
157830
796849
743549
666298
773691
941852
188987
156274
526619
545183
219816
761678
654926
782458
527637
998652
817686
338927
972454
956475
675474
328533
436525
569715
174744
567483
949656
357832
262855
319968
663637
153365
726991
474633
575489
不需要
713457
174922
635889
767218
527674
611842
173719
321221
311826
389822
893153
958318
593658
423981
521315
515597
556181
315113
863799
189564
121831
195524
746545
548722
215445
215412
489613
712514
717924
629368
664973
111992
493218
659714
172817
215499
577165
568153
361493
144252
173682
326347
167676
666858
948332
731174
956547
417918
468237
865955
332291
264133
673475/521447
937596
561778
277678
646352
478837
485454
297857
119122
829535
285567
254441
463816
816592
695238
524373
429635
419643
864192
348718
115733
479655
954294
383898
368217
456637
737369
317888
141468
911229
668661
468129
252858
422877
279933
939665
298371
981327
672671
482151
637255
711717
993917
112413
636482
253796
454551
921255
355824
163881
533968
465114
231676
971354
887479
785773
817878
413159
149628
196144
569999/526669
644936
729258
542773
646699
753889
569998
929548
157573
132985
498255
617273
871918
582735
186698
286555
294424
746753
477878
637248
975144
128963
376432
586867
832541
116239
244698
377366
312632
246546
878968
981167
866353
931193
742918
615949
812669
619868
586942
118768
482338
189635
877233
596594
497397
959859
624778
263288
645483
238621
644423
924357
968915
271167
256784
723446
962719
361925
686329
112311
376569
297417
639629
469465
168722
155728
272617
413299
893171
774836
817499
515651
753918
716512
914714
632598
961914
852749
488552
692651
873694
853984
421722
142551
261748
277732
446322
421577
984897
483131
266868
281486
398375
227616
469856
555475
315228
779254
618446
351952
634918
321114
484975
547977
365489
565935
774321
418824
192928
463625
146479
233598
111938
156984
791565
578595
125448
833973
834658
799837
422761
212897
846559
111248
519937
966529
137887
477779
636741
358519
217777
487891
578896
833233
291838
185285
255851
379913
124285
427313
224535
617875
874965
131724
678371
599118
733216
725955
953975
648191
477215
657158
684527
264325
424816
762442
321539
982486
无需
322296
544456
437895
676214
552774
793856
116712
914994
375247
238199
512937
569259
875599
575533
958622
无需
388163
997629
918569
792298
899874
283433
238227
978455
632236
824144
921833
636596
173963
963143
914399
569998
387531
358279
365554
751395
224154
692836
715229
691494
477939
343912
927246
326675
673421
568799
939172
264637
531861
419242
866285
196854
868628
157712
148561
276891
774339
532548
117791
365552/587447
512354
968472
518677
679821
465414
511952
819131
436487
311896
927267
855514
146779
481777
289865
139643
912956
817531
344422
493656
668869
831313
395744
897766
467934
962263
157977
928532
277983
341748
157769
277169
855486
196471
646595
228639
326665
625151
672624
232717
494398
488289
111766
918154
597975
117554
422664
913348
391932
672754
778724
685377
715365
526637
712772
125486
632223
495832
178152
545948
544328
635354
979949
713712
984137
576551
616888
428612
687466
178778
487115
943516
198545
885866
422518
286163
787724
672445
121768
696836
121482
482525
659652
797418
434443
947376
991983
766755
454939
486269
819862
331152
628248
772837
111474
891226
463879
551452
527475
469397
694136
628222
266543
231973
412138
746886
864574
979268
419328
147476
945879
447146
186422
921119
642335
733296
448762
654527
444513
794791
721921
315453
284554
838143
721376
824266
189843
731424
366796
946826
233336
216431
575758
191397
673129
923339
215444
369112
267315
587745
929741
817684
574454
398643
119222
652899
647167
267994
128931
874243
228431
663185
541154
126984
813589
199192
556592
462987
959252
177764
653975
294471
554289
389141
937651
911165
957866
487191
999133
936116
859197
484544
313175
338266
587444
531743
898477
467382
883984
933712
242693
424771
853895
864926
465378
812257
817823
332947
523666
469815
397558
757594
199364
525775
153672
382673
291464
494815
639742
599776
336412
264394
625812
219943
348524
232422
561842
426679
613832
114393
215448
634293
351585
279197
815634
898222
565933
492353
371474
312579
222885
868248
354849
866668
461198
862884
574171
583542
442747
326996
879476
395831
185351
932231
727427
669324
317218
612342
383515
689529
964316
843646
177299
885587
265528
518931
588895
559457
167752
771369
541812
473391
618539
255183
249368
228777
785487
768128
898246
947212
531984
816581
659515
585466
339511
233857
878489
689614
327551
327551
186932
951856
377643
538832
941195
896947
587687
113355
394179
514787
235289
256444
447757
643883
162953
665474
981919
838535
251371
853683
782315
913493

768534
687538
131188
557226
921313
616944
421282
479382
597444
238513
392463
548194
796134
231554
737611
727778
713588
286882
442922
383316
364668
828775
112981
932813
499816
257751
595162
327496
618854
984514
634566
925166
221595
888367
723177
791488
898773
743985
271123
571746
942486
632548/541222
881852
499422
257185
369473
962887
212487
365844
657572
192949
251713
175154
963714
111715
559793
753467
538476
577646
321699
624832
197988
334198
578274
313547
318732
395765
615156
756679
115296
734287
351559
447855
786146
844925
181396
317936
426647
783324
552439
486228
568945
651268
567786
699878
351613
735495
918463
141359
178495
174736
958668
133939
521867
371331
821546
721685
979294
748565
722346
378123
175741
757411
712636
747183
576168
487149
587996
268257
412561/215444
262382
494347
411271
965874
353992
689691
716742
336485
465623
397188
992459
246387
164399
382571
981339
492159
692667
432927
975277
425457
673486
919746
999746
328653
224597
498974
758497
398262
691194
651736
914595
991465
484857
426234
587377
867339
145219
538575
564448
764696
789842
571417
318617
686983
621837
886971
927443
518984
873998
196969
551354
477275
279343
485664
882893
231495
223566
466553
223688
292264
322396
378316
667673
546182
193136
457189
678658
268254
161844
513691
931228
556987
851625
633675
463955
523733
642226
254888
521111
244521
191591
267714
347793
822127
448634
654987
261298
966171
847699
632233
729688
756594
726688
299487
791125
926212
662632
225781
415663
855643
655854
474617
279492
518276
699133
762323
694219
841547
253466
614662
679551
834997
611487
558686
393196
597388
842177
118544
154372
636151
413881/963254
785216
927248
113891
833282
413425
668879
587456
297977
932936
573116
814688
721852
134915
991157
149343
516448
583995
844637
997631
413835
675439
286527
746624
393175
675416
789684
447656
781712
367453
226939
不需要
658774
632336
484854
210002
929537
663886
238213
975577
343946
994956
218122
326665
456259
471635
不需要
541832
626327
215554
917155
945514
636256
998185
769912
163945
456623
913273
837913
768531
136715
567549
498467
899232
711214
775513
941911
665556
915375
194733
395632
742163
275621
183838
118542
345235
515581
735136
396271
112956
514573
299661
789738
381457
776538
434614
598324
776181
974627
729373
397476
556644
212932
947392
816369
194799
654774
599822
157746
525654
不需要
198392
882925
548288
784777
762667
167561
183123
779476
478941
369367
722445
764875
878144
663159
001478
513594
322739
659998
792751
846925
187354
271999
284838
721481
878772
392281
176944
179874
746741
756379
981635
828881
476333
532822
632448
923936
965149
565651
754269
214128
665982
558763
478863
882276
922476
835883
546621
992435
353737
424374
324678
861451
115775
261528
795456
312914
489181
843219
532181
112181
336822
754921
523925
499513
243379
654525
177356
874561
782284
856339
697689
656111
812517
796351
679736
943883
112435
183882
216827
242418
465248
426796
258997/728224
745972
365454
245299
786739
629323
638854
686923
547763
356434
742881
566154
353863
254778
553572
996132
643111
792561
212182
219948
169426
676144
323145
382115
986118
762487
274177
655691
689698
447125
619877
355468
986954
398173
791926
236828
242368
477249
138684
861841
178713
844149
452574
989239
751527
686226
719348
862778
168583
748143
624412
419365
677423
847399
784353
375524
549795
927297
632174
891466
284215
364644
545822
316426
699856
896713
494963
168688
567248
217648
292154
987556
367248
726322
815181
521129
859287
917983
368783
464698
651787
291946
969675
434152
224989
418937
348743
937932
379627
978486
967215
921899
525787
154975
294165
822949
315344
644548
456522
848253
961136
619666
642227
315585
117575
554934
922723
457789
331154
195572
418436
197714
462861
693994
738568
984173
266866
981971
461762
668951
771846
351144
185326
464251
326998
619359
346958
671389
849818
811711
233438
445358
567471
831944
696336
227177
936529
556524
811986
275285
215552
782237
642611
972313/256444
258774/790924
321232
263424
399482
164577
686775
757999
934724
975969
472623
525154
299583
476269
639917
861754
365447
631816
539573
624119
532927
214556
559266
489977
278992
119471
215112
837259
326493
227922
864418
169268
297192
215479
172484
138189
639772
595797
749389
448296
864263
413364
732982
848367
251338
671554
491728
311221
638774
352432
982315
217847
256664
617222
211473
577211
959417
481729
471735
428146
474442
764175
732715
719328
887649
771333
424911
935767
537916
676186
679266
426148
928723
427551
629474
551273
783496
174916
847179
873598
774649
189764
216239
675567
597672
128389
872459
926643
854968
773321
668438
236447
256447
323619
288768
414251
136992
963965
996777
316297
254998
681711
979613
977331
457559
946988
659552
658311
171974
648692
633198
774744
256242
834586
125522
939296
245639
966158
376452
694534
999656
322243
874559
891228
671343
475748
548777
258447
611944
262147
252595
386357
139994
587277
595266
768828
532866
643684
359632
498999
482526
288415
959154
815246
449294
937166
143267
768285
492563
295891
753492
296651
346356
733658
413986
689168
377887
142423
177839
628692
742964
766862
738651
639188
153897
179432
236526
488751
254877
985918
558799
993472
789472
679371
494374
324897
164335
258779
558717
812469
794583
875439
376434
428729
895618
537965
983986
857587
854396
849222
877264
685714
177179
125487/356478
267364
748649
723293
366733
663581
874596
666674
958141
866451
316866
751717
824126
951233
217119
629193
151951
499847
756826
944951
111456
339346
436128
868349
675377
121838
596716
253615
515816
254417
326925
177574
452652
181527
137272
633282
735516
858898
687754
694874
676983
379664
392558
458527
316251
533854
242629
793678
325411
829989
334383
744222
525583
413132
969118
489661
666597
775233
797423
127264
854447/138832
834687
844719
888554
683467
521487
629861
624519
154798
975691
251456
263168
555684
256666
无
767349
313136
931282
526737
241287
745186
822929
333964
991298
336522
267878
988341
124539
431377
352429
429183
548997
774545
572555
005874
519345
795447
135384
323562
127531
517854
928157
217431
321352
645286
035268
478248
672777
217821
567792
925889
266723
342328
487597
254444
757415
775737
499733
956999
422269
773265
136132
147923
554522
897769
245356
962488
462157
471484
298315
492695
842413
934566
123851
392287
384665
419942
654345
357523
961755
346224
882334
452679
713477
548774
972577
723646
672979
935886
422566
572783
965865
548777
742414
256478
546249
539663
462953
748556
369821
536177
668646
543375
529437
375983
632236/971895
122121
133731
412523
235491
497911
782238
529476
951211
275858
559581
799647
736871
683335
469818
342653
892643
938357
962363
595263
769562
493672
383543
854285
258888
124957
936743
658451
626761
147714
736185
215469
791949
165362
334598
632333
154875
937322
652554
326521
521214
463699
977453
597412
389789
799491
717149
987267
241665
531361
356664
886578
875336
215412
215447
256447
254666/249778
278866
171645
757316
462235
927685
937926
254444/887459/673139
926424
344734
322916
984838
551386
不需要
548777
436342
566655
521444
457488
328665
274937
471275
195234
254121
176235
154662
585587
884237
577253
792692
681689
415771
389439
584539
978792
255157
397181
177166
582568
586424
391166
526681
741644
533894
448825
517579
621831
646458
156446
667446
326558
285449
664161
887146
541112
633819
861385
949185
468629
676856
128591
118988
344539
452297
578599
735853
895522
488442
985316
519313
616356
865464
779554
134733
794127
727963
782742
948984
341312
465466
131622
995848
954552
923938
572736
181842
368324
986359
839779
463317
617314
521113
978764
459662
545313
523267
556847
986345
825451
866725/625874
689791
617357
125825
623356
JDGAME/514372
632554
527584
318662
348781
853526
452547
455455
111382
356553
339955
331186
173751
125337
437512
833179
689359
667799
622285
861532
448885
548321
867766
782468
695765
654351
659682
158114
437368
476352
638587
244666
679268
293521
423919
376982
332295
277161
791421
131865
666322
278852
654712
279385
447657
181754
828863
467533
271354
616517
695137
723376
915447
717897
817186
462289
867256
463646
581383
878535
535946
781181
542327
354471
917123
519672
795477
223426
577394
469626
641645
273349
895882
549429
828532
479895
592337
115991
331235
772576
179383
579115
534822
378793
631955
945672
418898
171434
453858
175819
574864
624117
743886
283215
377925
194477
634333
744772
368152
243499
792711
759919
335755
886586
987194
341261
987786
888932
398244
244476
868363
692451
484689
782439
361964
265497
965124
284252
749519
765421
698766
378987
329525
383196
539762
242448
528182
215447
201114
314633
721717
127486
413119
159677
713472
965452
862747
373455
792264
961772
859718
不需要
614425
657874
784645
953175
664869
863278
852915
929222
898658
925218
228979
316655
832713
251911
934324
376895
591173
769919
963329
878718
475116
588589
574659
392442
748976
539954
314947
526358
259351
544744
461395
881212
415631
594462
293786
638432
444559
364685
333785
833597
293733
717366
437188
955716
717554
216934
774318
827159
755662
332964
973836
815719
629922
736374
884887
895663
894376
633798
733741
494331
873219
315296
449265
737422
787887
217441
616821
284572
482221
336364
371764
153571
119325
337153
513437
397767
139999
415739
744542
539645
966392
115236
727278
457328
754591
289272
942639
832694
384762
467457
634883
512289
164798
664589
674167
345324
344941
986352
173124
366233
517289
574958
864731
397829
941831
397511
239495
114684
924299
137271
451967
297428
373224
148778
268786
758112
513199
789947
658877
242843
555818
957959
225528
661241
476832
839567
153675
189916
573833
892586
538724
697958
134444
664544
851962
528659
267287
272532
552777
943928
772482
358149
675113
784811
873639
188397
227394
371483
999837
922311
249912
399462
547659
714359
922153
459896
511368
589591
264777
715625
746978
759726
911651
626498
581698
212318
826621
773622
614576
244477
523725
189179
746687
698979
826954
138472
633977
958916
228391
755187
749353
992436
898392
479312
564593
841119
658699
249168
672693
683181
994548
254887/889663/668847
565245
991246
551762
491766
587254
763769
683421
171656
955724
369693
776759
442246
825132
291751
644159
238346
621633
819617
595454
763868
169461
847465
366162
863475
654452
459548
874644
527684
632939
324426
322213
512564
712285
215444
742597
148413
173348
943748
327783
914487
227939
967569
473815
899756
849772
326665
817967
718862
718387
589152
278363
314822
582454
964739
768742
523467
838947
671946
185758
685987
885959
461854
776623
974326
286922
343844
463869
558334
131433
919252
577385
896496
315533
311165
319913
435917
355137
224944
828141
794142
934476
755424
326372
773154
942334
966163
686887
751446
749383
652525
671884
225314
786898
182246
587636
443143
539664
255472
624335
258219
482791
333849
661878
885138
951644
366723
566125
476317
515496
784942
616763
863132
373866
168584
617433
792599
992778
736444
896418
941886
439719
326662
978861
971896
854816
449858
317611
359951
414756
381444
419578
986245
768132
594294
728444
792765
269718
345521
无
632554
